-3.105468007921244222e+01 -4.369954228504649762e+01
-2.800699311742247488e+01 -2.498692187583382207e+01
-2.128352200252156834e+01 -4.264841765691638642e+01
-1.868079452545506314e+01 -4.016349027259774118e+01
-1.755910591768261497e+01 2.118293802745505872e+01
-1.692853474178864204e+01 -1.410299714019099682e+01
-1.134184571071304326e+01 -4.091805927174155144e+00
-4.813241181754699838e+00 -1.973895911569223216e+01
3.867670198823532246e+00 -8.142596447298050322e+00
7.444243076710449714e+00 3.060407861480225478e+01
8.582404763552968774e+00 2.029385940125627030e+01
1.306254915466877264e+01 -5.498699004270988233e+00
2.678275384365256429e+01 -1.731482063599568733e+01
2.805713731886998730e+01 3.140810858225246704e+01
3.249265889435564247e+01 3.423620660043385300e+01
3.486890502816487469e+01 -3.982077314849796323e+01
3.762344270653393608e+01 -3.593857379146766107e+01
3.939678894040071100e+01 -2.566128596692479391e+01
