-4.299588911510189604e+01 1.869719057560233466e+01
-4.300490299070894906e+01 1.848281290414618994e+01
-4.299601649382507418e+01 1.855490927218118813e+01
-4.296441584766316168e+01 1.891403687827369851e+01
-3.903178167381540220e+01 5.989536566816839880e+00
-3.902560938575020089e+01 6.007770548468732486e+00
-3.902647017919158401e+01 6.043782475177766678e+00
-3.904750565334593659e+01 5.565562927281508365e+00
-3.594781914287298719e+01 -2.123470437040915471e+01
-3.590727397463624726e+01 -2.130856550736671196e+01
-3.590455221692538856e+01 -2.108985219923845023e+01
-3.591352210849944271e+01 -2.133124160625278520e+01
-2.779111821587676801e+01 -9.104864226925837301e+00
-2.782239743337694193e+01 -9.052674337964372597e+00
-2.782675212555554367e+01 -9.018210660813752000e+00
-2.779935265226369268e+01 -9.022967412288608102e+00
-2.779058113074588476e+01 -8.710880123337620518e+00
-3.572954449715965097e+01 3.267812161369563029e+01
-3.571698729285684237e+01 3.301782813787293236e+01
-3.274187816579511434e+01 3.333879426776341148e+01
-3.571779634213169174e+01 3.283925690571391698e+01
-3.274269349833500087e+01 3.317256718281976902e+01
-3.571904039178424028e+01 3.300640260534751746e+01
-3.273158717834095910e+01 3.332736865307283125e+01
-3.571970504033807003e+01 3.267952112093995254e+01
-3.274460257734531865e+01 3.300048653188522962e+01
-2.276628080892846384e+01 3.273272999332527178e+01
-2.278210819021608557e+01 3.280162013153432810e+01
-2.287688303984468163e+01 3.314641351889453347e+01
-2.293987894654044624e+01 3.284662887383634455e+01
-1.759903632375232263e+01 1.719438358781416554e+01
-1.740135501970696197e+01 1.807159437451544903e+01
-1.758549215276574174e+01 1.699247952809193052e+01
-1.738786297935793002e+01 1.786945898508908570e+01
-1.760860141862169925e+01 1.706901064245960598e+01
-1.741100502279467577e+01 1.794584464894201759e+01
-1.763671289459819036e+01 1.724785039438481604e+01
-1.743913977047430208e+01 1.813692945294230796e+01
-1.766864977554473271e+01 1.737150313759612885e+01
-1.363532307360564744e+01 5.308985936821212448e+00
-2.127779140300454586e+01 5.333678887804730095e+00
-1.363191156758754374e+01 5.302356288090193104e+00
-2.127403756846361560e+01 5.339394055461158750e+00
-1.416581470584943681e+01 -1.699175800952693827e+00
-1.362260885690860768e+01 5.152625248187306717e+00
-2.125218191703206827e+01 5.202007598091018536e+00
-1.417081326930891194e+01 -1.862449429961703373e+00
-1.361527221414484501e+01 5.001568940509895533e+00
-2.124470270506471437e+01 5.050950367635590688e+00
-1.417337060336636512e+01 -1.360289575017291419e+00
-1.417234807682080699e+01 -1.535507179262995514e+00
-1.416898058693679374e+01 -1.540677479082024348e+00
-8.841622131965156228e+00 -1.883299762307114023e+01
-8.819307666932004963e+00 -1.880152425742564759e+01
-8.819098687131020853e+00 -1.889994148619134151e+01
-8.840058244502444040e+00 -1.874453922936951145e+01
-7.928236614403918026e+00 2.926246197270354443e+01
-7.926970587947642422e+00 2.925625829895937358e+01
-7.914348673261869749e+00 2.925038477344623544e+01
-7.915041496574485080e+00 2.924465119667064172e+01
7.021021216827612932e+00 2.316030153449005979e+01
7.016002144360658832e+00 2.297715521011033246e+01
7.043462699165567997e+00 2.302770894986869266e+01
7.044401640157768263e+00 2.316331289336301325e+01
2.381892366579956288e+00 5.927513112256063366e+00
2.364389514536222148e+00 6.403496805528607894e+00
2.368772861400290086e+00 6.242993611086045114e+00
2.390843814573541337e+00 6.277810073243142774e+00
2.410523303972018194e+00 6.305120752790295491e+00
1.302407043099209183e+01 -3.038202914893867757e+01
1.300122364945998044e+01 -3.061708731184558729e+01
1.289155891828314537e+01 -3.021710564021211454e+01
1.282845006232005858e+01 -2.994848200606138988e+01
1.282810359058746918e+01 -3.000295047483790611e+01
1.274398593572688121e+01 3.509959576923575852e+00
1.275116823014147904e+01 3.496255299557442076e+00
1.276059825407369175e+01 3.499505946224481967e+00
1.276156188522538848e+01 3.660074189983359094e+00
1.276480552901154297e+01 3.497983980588899477e+00
3.086259353657325732e+01 1.759227876973680438e+00
3.086985000915614563e+01 1.793091441334657921e+00
3.086582352525653050e+01 1.634908319512261565e+00
3.086595969140497786e+01 1.643188850791704958e+00
3.017794451043719306e+01 -2.071210250988364976e+01
3.017706865819089046e+01 -2.104003303133936953e+01
3.019003502119826621e+01 -2.103416625385397865e+01
3.019121596706065347e+01 -2.103409518077920737e+01
3.019209364449042354e+01 -2.070061495958052333e+01
