-4.301259153365654697e+01 1.637567446339241783e+01
-3.904436419694648919e+01 3.550945447321208537e+00
-3.905557549410777796e+01 3.573994687495653189e+00
-3.591056176160653735e+01 -1.761839385959345705e+01
-3.596141286534093950e+01 -1.767237937693787231e+01
-3.593322079214679832e+01 -1.894876857782825397e+01
-2.776794823059620398e+01 -6.694411129893243384e+00
-2.780121359958595306e+01 -6.893075086117933736e+00
-2.784858330134426296e+01 -6.913099557471616308e+00
-3.573156404928975860e+01 3.467665748418947658e+01
-3.571728759295768896e+01 3.466455715680377381e+01
-3.274218570117085392e+01 3.499786732725292637e+01
-3.570645394814209794e+01 3.515923957759862617e+01
-3.273135167555132341e+01 3.549254979071045568e+01
-2.298034790970772789e+01 3.068068917124591621e+01
-2.277058709880654774e+01 3.067535857687498080e+01
-1.767476279404040795e+01 1.506333537897597807e+01
-1.747719529507018521e+01 1.592769318697070702e+01
-1.761880109962753238e+01 1.500037007758225194e+01
-1.742126851453240732e+01 1.586457513737341785e+01
-1.358966831962369781e+01 2.818860993238614832e+00
-2.123142851802109021e+01 2.855896987738117954e+00
-1.418612339837896918e+01 -5.351653478785936002e+00
-1.366763278140250470e+01 1.512174688807255141e+00
-2.129685185977047723e+01 1.536864718187087142e+00
-1.418347806332851846e+01 -5.349678267237236717e+00
-1.417468155274588604e+01 -5.350490279915850245e+00
-8.890345490471853296e+00 -1.525122899468473392e+01
-8.839482285753531343e+00 -1.685331459650346630e+01
-7.914744177906190892e+00 3.125202088827430913e+01
7.063558005903029624e+00 2.096708358832483654e+01
7.009860757422292643e+00 2.083290514939663751e+01
2.422857690645765949e+00 3.744871649376285028e+00
2.382609400242366782e+00 3.757560867153012740e+00
2.345048012193510445e+00 3.767821561200431102e+00
1.279516309786049888e+01 -2.659961636870632873e+01
1.298261444209643045e+01 -2.632778507508407984e+01
1.297790237405710201e+01 -2.639240477672719010e+01
3.087473570584361937e+01 -7.006754483198118777e-01
3.086244695644263558e+01 -6.962594856055166481e-01
3.085636193361745683e+01 -7.067080716549218877e-01
3.018995546954070619e+01 -2.320538989011772912e+01
3.018970666017474613e+01 -2.319929452785508772e+01
