-4.301904831305424892e+01 1.669511588629024246e+01
-3.904993686841577016e+01 3.717299027857906779e+00
-3.597476163215624467e+01 -1.886731068221515173e+01
-2.778188231839364875e+01 -6.441882326289797511e+00
-2.780530334775496470e+01 -6.625310179169189517e+00
-3.571692003244662317e+01 3.493682642193944332e+01
-3.274181775985584864e+01 3.527013663505127283e+01
-2.285218825342252558e+01 3.049205410538404593e+01
-2.276152146817184629e+01 3.036967264766294150e+01
-1.747415940305969784e+01 1.573678450541151719e+01
-1.764618277273425306e+01 1.517050570448779290e+01
-1.743628610826058178e+01 1.604713295023077890e+01
-1.364367719271795565e+01 2.853004216214464428e+00
-2.127304079329230646e+01 2.865349464759082920e+00
-1.366229242077453776e+01 3.023448231583417467e+00
-2.129160133727079796e+01 3.035793391642473082e+00
-1.417655233410686044e+01 -3.673248828895798734e+00
-8.889857005098377840e+00 -1.678047611296853603e+01
-7.916426231681906955e+00 3.152544775553593581e+01
7.002373383488318836e+00 2.069661457478105859e+01
2.377533254903888782e+00 4.097735655451936410e+00
1.299713103318206286e+01 -2.784624007128178391e+01
3.083893168791018624e+01 -3.812222243420895218e-01
3.019189218464926938e+01 -2.287811178109428667e+01
