-4.298224182147619388e+01 1.859671896266895175e+01
-4.299175573738649803e+01 1.870107386389076254e+01
-4.299803880671158396e+01 1.885139264996364261e+01
-4.298675691594744563e+01 1.892632997606657952e+01
-4.294463792023799442e+01 1.876684451939031817e+01
-3.902058311955417480e+01 5.631329919808496953e+00
-3.898966751674326758e+01 5.805315838995106503e+00
-3.898201180154855194e+01 6.012014965426254243e+00
-3.900667918768390052e+01 6.065029851941952543e+00
-3.901485485775257445e+01 6.111088190804907505e+00
-3.597758908830798674e+01 -2.132381347926316550e+01
-3.599216220338138328e+01 -2.088456650385471036e+01
-3.596140364613257390e+01 -2.130227631054827953e+01
-3.593172051606750017e+01 -2.145479147972695344e+01
-3.594308032075451109e+01 -2.154227762788297795e+01
-2.776696399927947922e+01 -9.062392021345303306e+00
-2.779868578347620911e+01 -9.022800029303606806e+00
-2.780318227596877279e+01 -8.524700463175756582e+00
-2.778784091480531515e+01 -8.714783743381856240e+00
-2.776430266992786855e+01 -9.080935464801200396e+00
-3.575934650811822024e+01 3.289188329485898521e+01
-3.574654939701316891e+01 3.303074325552840662e+01
-3.275148031709827023e+01 3.336629041385912586e+01
-3.574703111955466994e+01 3.250601377803425152e+01
-3.273953494068506131e+01 3.284156087237094113e+01
-3.574813082305320222e+01 3.266044775403367595e+01
-3.275306288555012912e+01 3.298356711658587415e+01
-3.574895088353419936e+01 3.263530838133993228e+01
-3.275387780517791469e+01 3.297085598762880920e+01
-2.278183628971994423e+01 3.266420404720589232e+01
-2.279257399707973875e+01 3.284417976430357555e+01
-2.288244413604105887e+01 3.294645315101823257e+01
-2.296448884669634083e+01 3.284103568649123872e+01
-1.760119508978351632e+01 1.717678237834845945e+01
-1.741463247189652819e+01 1.805984543634686901e+01
-1.758344391250826177e+01 1.734619419670428542e+01
-1.738449350300789220e+01 1.822903663886216563e+01
-1.759713515259492311e+01 1.726168894789121921e+01
-1.739822039013575150e+01 1.814437320630379702e+01
-1.762838547317350901e+01 1.693231505802879155e+01
-1.741706181371402096e+01 1.781490210635958960e+01
-1.765099233243359222e+01 1.756826701109643807e+01
-1.361492363805194472e+01 5.267039739940224230e+00
-2.129617832742706440e+01 5.304327384063403983e+00
-1.360909276522378697e+01 5.303550007914307862e+00
-2.129002813864292065e+01 5.340836101960031890e+00
-1.414456977925217274e+01 -1.566027073150165982e+00
-1.358529237614699525e+01 5.331727565147014403e+00
-2.127846376552709273e+01 5.393869498825367259e+00
-1.413742345799512989e+01 -1.880239798727245226e+00
-1.356572933402773984e+01 5.017374088270639909e+00
-2.125874374132808242e+01 5.091942887048995559e+00
-1.414088220826556963e+01 -1.868306984086992806e+00
-1.412897314885568001e+01 -1.518619774655317389e+00
-1.413863637831924081e+01 -1.504821599815210575e+00
-8.877319046285061077e+00 -1.876119956499147179e+01
-3.409216516336937897e+00 -2.203179044557688471e+01
-8.844063234826347042e+00 -1.888530024013564912e+01
-8.827859998506525585e+00 -1.886724158792503658e+01
-8.839694799226808897e+00 -1.859859197067299874e+01
-8.869002533764497542e+00 -1.911004217117459447e+01
-7.938386548234249496e+00 2.930145912793859964e+01
-7.924599386794049849e+00 2.927615866309083970e+01
-7.923817511507357914e+00 2.925108939075200709e+01
-7.924124123230674499e+00 2.922621980995443636e+01
-7.924999167003075939e+00 2.954936369924552153e+01
7.020877631312847811e+00 2.305638495564319257e+01
7.006718010823314025e+00 2.296665294228252918e+01
7.027248580623248309e+00 2.308673059796104354e+01
7.055641499920170645e+00 2.322639497879437442e+01
2.356103000762678423e+00 6.052865866699320030e+00
2.339646786293156921e+00 6.230900857113364388e+00
2.344914953218565135e+00 6.265449589217427118e+00
2.380579097453348947e+00 6.328256155895546797e+00
1.297281172808724392e+01 -2.997799208996613629e+01
1.294961407781901386e+01 -3.022659181031351494e+01
1.285879937676055285e+01 -3.034893313438600160e+01
1.278385522675119290e+01 -3.008936772378674007e+01
1.280532732748478963e+01 -3.005319087819303192e+01
1.271258115747539819e+01 3.535593606012712442e+00
1.271063930007267118e+01 3.676573662798799269e+00
1.271252296072374932e+01 3.821810531854736404e+00
1.272801879690105231e+01 3.474747210159865762e+00
3.086378142075558628e+01 1.747565744882233929e+00
3.087167776796714591e+01 1.799096383507333030e+00
3.087958357686714805e+01 1.819902722653912175e+00
3.087906561882059719e+01 1.841331515784007777e+00
3.017390233817005907e+01 -2.073356304405848860e+01
3.018558794841743165e+01 -2.070897928818682843e+01
3.017407326779229138e+01 -2.103181459607640491e+01
3.018765334706042580e+01 -2.066805635557519594e+01
