-4.301028683717845524e+01 1.859005770868812135e+01
-4.300241725221141564e+01 1.886866958686209372e+01
-3.902472395374459779e+01 5.828197122942078146e+00
-3.902755830986579610e+01 5.859568873073390805e+00
-3.593132888669136804e+01 -2.096258189252317194e+01
-3.591106017443903653e+01 -2.106845750183352095e+01
-2.782957414438178745e+01 -9.019753388937276739e+00
-3.571770036235798074e+01 3.301560734896691685e+01
-3.274259142569822245e+01 3.333657345831610286e+01
-3.571845483575396685e+01 3.301595171226982472e+01
-3.273100162231068566e+01 3.333691775999513851e+01
-2.278277080761721507e+01 3.289889372022949487e+01
-2.287518940014314595e+01 3.317223083417763263e+01
-1.738877401806804457e+01 1.801038207936284152e+01
-1.760903832875575858e+01 1.705673053860891741e+01
-1.741143517010354458e+01 1.793359455512811707e+01
-1.763656877884679375e+01 1.708244811403167063e+01
-1.363195119113903431e+01 5.285368659705415695e+00
-2.127419064946838745e+01 5.334753082699466020e+00
-1.362210055251657259e+01 5.312204095763610745e+00
-2.125175173275158969e+01 5.361586951299112336e+00
-1.417345468189339464e+01 -1.859350038860187793e+00
-1.417273252937590655e+01 -1.862236980985105594e+00
-8.799108651999464570e+00 -1.894979533484193723e+01
-8.811337745602775939e+00 -1.905954828681459290e+01
-7.914439722650241649e+00 2.926640849046300019e+01
-7.914762340196766388e+00 2.924813309576268239e+01
7.017627650831107289e+00 2.299138386234359643e+01
7.042149036450634725e+00 2.302040362525411155e+01
2.381104035723571766e+00 6.244919315769357659e+00
2.390880323627289972e+00 6.270132984531658238e+00
1.289324899764168819e+01 -3.049223421197586248e+01
3.087348348934045816e+01 1.284494502015516515e+00
3.086933180303399737e+01 1.633819182432320716e+00
3.018933761358024626e+01 -2.070337438690047449e+01
